function M=twoBitsM(p1, p2);

M = [
[p1(1)*p2(1), p1(1)*(1 - p2(1)), p2(1)*(1 - p1(1)), (1 - p1(1))*(1 - p2(1)),       0,             0,             0,                   0,       0,             0,             0,                   0,       0,             0,             0,                   0];
[      0,             0,             0,                   0, p1(2)*p2(1), p1(2)*(1 - p2(1)), p2(1)*(1 - p1(2)), (1 - p1(2))*(1 - p2(1)),       0,             0,             0,                   0,       0,             0,             0,                   0];
[      0,             0,             0,                   0,       0,             0,             0,                   0, p1(1)*p2(2), p1(1)*(1 - p2(2)), p2(2)*(1 - p1(1)), (1 - p1(1))*(1 - p2(2)),       0,             0,             0,                   0];
[      0,             0,             0,                   0,       0,             0,             0,                   0,       0,             0,             0,                   0, p1(2)*p2(2), p1(2)*(1 - p2(2)), p2(2)*(1 - p1(2)), (1 - p1(2))*(1 - p2(2))];
[p1(3)*p2(1), p1(3)*(1 - p2(1)), p2(1)*(1 - p1(3)), (1 - p1(3))*(1 - p2(1)),       0,             0,             0,                   0,       0,             0,             0,                   0,       0,             0,             0,                   0];
[      0,             0,             0,                   0, p1(4)*p2(1), p1(4)*(1 - p2(1)), p2(1)*(1 - p1(4)), (1 - p1(4))*(1 - p2(1)),       0,             0,             0,                   0,       0,             0,             0,                   0];
[      0,             0,             0,                   0,       0,             0,             0,                   0, p1(3)*p2(2), p1(3)*(1 - p2(2)), p2(2)*(1 - p1(3)), (1 - p1(3))*(1 - p2(2)),       0,             0,             0,                   0];
[      0,             0,             0,                   0,       0,             0,             0,                   0,       0,             0,             0,                   0, p1(4)*p2(2), p1(4)*(1 - p2(2)), p2(2)*(1 - p1(4)), (1 - p1(4))*(1 - p2(2))];
[p1(1)*p2(3), p1(1)*(1 - p2(3)), p2(3)*(1 - p1(1)), (1 - p1(1))*(1 - p2(3)),       0,             0,             0,                   0,       0,             0,             0,                   0,       0,             0,             0,                   0];
[      0,             0,             0,                   0, p1(2)*p2(3), p1(2)*(1 - p2(3)), p2(3)*(1 - p1(2)), (1 - p1(2))*(1 - p2(3)),       0,             0,             0,                   0,       0,             0,             0,                   0];
[      0,             0,             0,                   0,       0,             0,             0,                   0, p1(1)*p2(4), p1(1)*(1 - p2(4)), p2(4)*(1 - p1(1)), (1 - p1(1))*(1 - p2(4)),       0,             0,             0,                   0];
[      0,             0,             0,                   0,       0,             0,             0,                   0,       0,             0,             0,                   0, p1(2)*p2(4), p1(2)*(1 - p2(4)), p2(4)*(1 - p1(2)), (1 - p1(2))*(1 - p2(4))];
[p1(3)*p2(3), p1(3)*(1 - p2(3)), p2(3)*(1 - p1(3)), (1 - p1(3))*(1 - p2(3)),       0,             0,             0,                   0,       0,             0,             0,                   0,       0,             0,             0,                   0];
[      0,             0,             0,                   0, p1(4)*p2(3), p1(4)*(1 - p2(3)), p2(3)*(1 - p1(4)), (1 - p1(4))*(1 - p2(3)),       0,             0,             0,                   0,       0,             0,             0,                   0];
[      0,             0,             0,                   0,       0,             0,             0,                   0, p1(3)*p2(4), p1(3)*(1 - p2(4)), p2(4)*(1 - p1(3)), (1 - p1(3))*(1 - p2(4)),       0,             0,             0,                   0];
[      0,             0,             0,                   0,       0,             0,             0,                   0,       0,             0,             0,                   0, p1(4)*p2(4), p1(4)*(1 - p2(4)), p2(4)*(1 - p1(4)), (1 - p1(4))*(1 - p2(4))]];
 
end